{"nbformat":4,"nbformat_minor":0,"metadata":{"colab":{"name":"Theorem_3_2_Proof_v3.ipynb","provenance":[],"collapsed_sections":[],"authorship_tag":"ABX9TyM7F/6NRpM9psr3GkYqHc3h"},"kernelspec":{"name":"python3","display_name":"Python 3"}},"cells":[{"cell_type":"markdown","metadata":{"id":"6mtgoYQVE0jn"},"source":["In Theorem 3.2, we show that the bivariate sextic polynomial\n","\n","$$p(x) = 17x_1^6 - 20x_1^4 + 7x_1^2 + 18x_1 + 18x_2^4 - 19x_2^2 - 19x_2 + 21 -20x_1x_2$$\n","\n","is nonnegative but not sos. "]},{"cell_type":"markdown","metadata":{"id":"lweyNUl5inWk"},"source":["## Proving $p(x)$ is not sos\n","\n","We start by showing that $p(x)$ is not sos. We fix a monomial ordering $v_p$ and write $p(x) = c_p^T v_p$, where $c_p$ contains the coefficients of $p(x)$."]},{"cell_type":"code","metadata":{"id":"tbfWJw64Ered","executionInfo":{"status":"ok","timestamp":1617889128535,"user_tz":240,"elapsed":553,"user":{"displayName":"Cemil Dibek","photoUrl":"","userId":"00800113593856149234"}}},"source":["import numpy as np\n","import sympy as sym\n","from numpy import linalg\n","from sympy.matrices import Matrix, eye, zeros, ones, diag\n","from sympy import Symbol, pprint, sympify, Rational\n","from sympy import *\n","\n","x1 = Symbol('x1')\n","x2 = Symbol('x2')\n","\n","p = 17*x1**6 - 20*x1**4 + 7*x1**2 + 18*x1 + 18*x2**4 - 19*x2**2 - 19*x2 + 21 - 20*x1*x2;\n","\n","cp = Matrix([[21, 18, -19, 7, -20, -19, 0, 0, 0, 0, -20, 0, 0, 0, 18, 0, 0, 0, 17]])\n","vp = Matrix([[1, x1, x2, x1**2, x1*x2, x2**2, x1**3, x1**2*x2, x1*x2**2, x2**3, x1**4, x1**3*x2, x1**2*x2**2, x1*x2**3, x2**4, x1**5, x1**4*x2, x1**3*x2**2, x1**6]])\n"],"execution_count":2,"outputs":[]},{"cell_type":"markdown","metadata":{"id":"M-KlZchfiwpM"},"source":["Verify that $p(x) = c_p^T v_p$."]},{"cell_type":"code","metadata":{"colab":{"base_uri":"https://localhost:8080/"},"id":"DCWq8kiAiyKj","executionInfo":{"status":"ok","timestamp":1617889132777,"user_tz":240,"elapsed":565,"user":{"displayName":"Cemil Dibek","photoUrl":"","userId":"00800113593856149234"}},"outputId":"3cd8a249-a6f4-4e98-d632-db134af532cb"},"source":["p_representation = cp*vp.T\n","residual_in_p_representation = p - p_representation[0] # Should be an exact zero.\n","print('The residual in the representation of p(x) is', residual_in_p_representation)"],"execution_count":3,"outputs":[{"output_type":"stream","text":["The residual in the representation of p(x) is 0\n"],"name":"stdout"}]},{"cell_type":"markdown","metadata":{"id":"UdL5zl0_i9_X"},"source":["The following rational vector $\\mu$ will serve as a separating hyperplane that separates the polynomial $p(x)$ from the cone of sos polynomials in 2 variables and of degree 6. The order of the elements of $\\mu$ corresponds to the ordering of the monomials in $v_p$. We show:\n","\n","(1) $\\mu^T c_p < 0$, and\n","\n","(2) $\\mu^T c_q \\geq 0$, where $c_q$ is the vector of coefficients of any sos polynomial of 2 variables and degree 6 which consists of the monomials in $v_p$."]},{"cell_type":"markdown","metadata":{"id":"RHNStrUmjT0q"},"source":["### Proof of claim (1):"]},{"cell_type":"code","metadata":{"colab":{"base_uri":"https://localhost:8080/"},"id":"1tnLkfTIFWmi","executionInfo":{"status":"ok","timestamp":1617889238053,"user_tz":240,"elapsed":209,"user":{"displayName":"Cemil Dibek","photoUrl":"","userId":"00800113593856149234"}},"outputId":"93e04c35-cb2f-450d-ca04-112157b87d32"},"source":["mu = Matrix([[11156, -2031, 8817, 4897, -127, 8436, -1457, 3005, -292, 7015, 3302, -37, 3639, 759, 6730, -1105, 1873, -274, 2245]])\n","\n","inner_product_of_mu_with_cp = mu*cp.T\n","print('The inner product of mu with cp is', inner_product_of_mu_with_cp[0])"],"execution_count":4,"outputs":[{"output_type":"stream","text":["The inner product of mu with cp is -5\n"],"name":"stdout"}]},{"cell_type":"markdown","metadata":{"id":"WxDCKmtklSGT"},"source":["### Proof of claim (2):\n","\n","Any sos polynomial $q(x)$ that consists of the monomials in $v_p$ can be written as $q(x) = z^T Q z$, for some positive semidefinite symmetric matrix $Q$, and the vector of monomials $z$ given as $z = (1, x_1, x_2, x_1^2, x_1x_2, x_2^2, x_1^3, x_1^2x_2, x_1x_2^2, x_2^3)^T$.\n","\n","Let $Z = zz^T$. If we denote the coefficients of $q(x)$ by $c_q$, it is not hard to see that $\\mu^T c_q = \\textbf{tr}(Q Z_{\\mu})$, where $Z_{\\mu}$ is the matrix which is obtained by replacing the entries of the vector $\\mu$ in the corresponding entries of the matrix $Z$ that have a matching monomial. We can take a look at the matrix $Z_{\\mu}$:"]},{"cell_type":"code","metadata":{"colab":{"base_uri":"https://localhost:8080/","height":160},"id":"o4MBJXZfk--_","executionInfo":{"status":"ok","timestamp":1617889576269,"user_tz":240,"elapsed":518,"user":{"displayName":"Cemil Dibek","photoUrl":"","userId":"00800113593856149234"}},"outputId":"17cc8326-b19c-4451-dd8a-5471326cdcab"},"source":["z = Matrix([[1, x1, x2, x1**2, x1*x2, x2**2, x1**3]])\n","\n","Zmu = Matrix([[11156,   -2031,    8817,    4897,    -127,    8436,   -1457],\n","              [-2031,    4897,    -127,   -1457,    3005,    -292,    3302],\n","              [ 8817,    -127,    8436,    3005,    -292,    7015,     -37],\n","              [ 4897,   -1457,    3005,    3302,     -37,    3639,   -1105],\n","              [ -127,    3005,    -292,     -37,    3639,     759,    1873],\n","              [ 8436,    -292,    7015,    3639,     759,    6730,    -274],\n","              [-1457,    3302,     -37,   -1105,    1873,    -274,    2245]])\n","display(Zmu)"],"execution_count":6,"outputs":[{"output_type":"display_data","data":{"text/latex":"$\\displaystyle \\left[\\begin{matrix}11156 & -2031 & 8817 & 4897 & -127 & 8436 & -1457\\\\-2031 & 4897 & -127 & -1457 & 3005 & -292 & 3302\\\\8817 & -127 & 8436 & 3005 & -292 & 7015 & -37\\\\4897 & -1457 & 3005 & 3302 & -37 & 3639 & -1105\\\\-127 & 3005 & -292 & -37 & 3639 & 759 & 1873\\\\8436 & -292 & 7015 & 3639 & 759 & 6730 & -274\\\\-1457 & 3302 & -37 & -1105 & 1873 & -274 & 2245\\end{matrix}\\right]$","text/plain":["Matrix([\n","[11156, -2031, 8817,  4897, -127, 8436, -1457],\n","[-2031,  4897, -127, -1457, 3005, -292,  3302],\n","[ 8817,  -127, 8436,  3005, -292, 7015,   -37],\n","[ 4897, -1457, 3005,  3302,  -37, 3639, -1105],\n","[ -127,  3005, -292,   -37, 3639,  759,  1873],\n","[ 8436,  -292, 7015,  3639,  759, 6730,  -274],\n","[-1457,  3302,  -37, -1105, 1873, -274,  2245]])"]},"metadata":{"tags":[]}}]},{"cell_type":"markdown","metadata":{"id":"pmWoZYVcoGz-"},"source":["We now show that the matrix $Z_{\\mu}$ is positive definite by giving an exact $LDL^T$ decomposition of $Z_{\\mu}$: $Z_{\\mu} = L D L^T$."]},{"cell_type":"code","metadata":{"id":"lhGZBOTFoIg3","executionInfo":{"status":"ok","timestamp":1617889587994,"user_tz":240,"elapsed":223,"user":{"displayName":"Cemil Dibek","photoUrl":"","userId":"00800113593856149234"}}},"source":["L, D = Zmu.LDLdecomposition()"],"execution_count":7,"outputs":[]},{"cell_type":"markdown","metadata":{"id":"mPudDlj5mRNB"},"source":["\n","Verify that the matrix $L$ has rational entries."]},{"cell_type":"code","metadata":{"colab":{"base_uri":"https://localhost:8080/","height":160},"id":"uqicvPMvoPwE","executionInfo":{"status":"ok","timestamp":1617889591900,"user_tz":240,"elapsed":237,"user":{"displayName":"Cemil Dibek","photoUrl":"","userId":"00800113593856149234"}},"outputId":"079632df-e167-4df1-cc0b-209703b31ff0"},"source":["display(L)"],"execution_count":8,"outputs":[{"output_type":"display_data","data":{"text/latex":"$\\displaystyle \\left[\\begin{matrix}1 & 0 & 0 & 0 & 0 & 0 & 0\\\\- \\frac{2031}{11156} & 1 & 0 & 0 & 0 & 0 & 0\\\\\\frac{8817}{11156} & \\frac{16490515}{50505971} & 1 & 0 & 0 & 0 & 0\\\\\\frac{4897}{11156} & - \\frac{6308485}{50505971} & - \\frac{34376788854}{49746619657} & 1 & 0 & 0 & 0\\\\- \\frac{127}{11156} & \\frac{33265843}{50505971} & - \\frac{58851039283}{49746619657} & - \\frac{20595902579398}{30417294393845} & 1 & 0 & 0\\\\\\frac{2109}{2789} & \\frac{13875964}{50505971} & - \\frac{2949324687}{49746619657} & \\frac{2535469266541}{30417294393845} & \\frac{37252180435394}{447580073246683} & 1 & 0\\\\- \\frac{1457}{11156} & \\frac{33877945}{50505971} & \\frac{6212453327}{49746619657} & - \\frac{2965270121}{1600910231255} & \\frac{30552697800004}{447580073246683} & \\frac{168279400801718}{288026539712629} & 1\\end{matrix}\\right]$","text/plain":["Matrix([\n","[          1,                 0,                        0,                              0,                              0,                               0, 0],\n","[-2031/11156,                 1,                        0,                              0,                              0,                               0, 0],\n","[ 8817/11156, 16490515/50505971,                        1,                              0,                              0,                               0, 0],\n","[ 4897/11156, -6308485/50505971, -34376788854/49746619657,                              1,                              0,                               0, 0],\n","[ -127/11156, 33265843/50505971, -58851039283/49746619657, -20595902579398/30417294393845,                              1,                               0, 0],\n","[  2109/2789, 13875964/50505971,  -2949324687/49746619657,   2535469266541/30417294393845, 37252180435394/447580073246683,                               1, 0],\n","[-1457/11156, 33877945/50505971,   6212453327/49746619657,      -2965270121/1600910231255, 30552697800004/447580073246683, 168279400801718/288026539712629, 1]])"]},"metadata":{"tags":[]}}]},{"cell_type":"markdown","metadata":{"id":"qHKxJGLYoP4S"},"source":["Verify that the matrix $D$ has rational entries."]},{"cell_type":"code","metadata":{"colab":{"base_uri":"https://localhost:8080/","height":160},"id":"rYcQyN9AoQA3","executionInfo":{"status":"ok","timestamp":1617889598876,"user_tz":240,"elapsed":253,"user":{"displayName":"Cemil Dibek","photoUrl":"","userId":"00800113593856149234"}},"outputId":"bbab6be8-e781-489c-f839-462efad9ab34"},"source":["display(D)"],"execution_count":9,"outputs":[{"output_type":"display_data","data":{"text/latex":"$\\displaystyle \\left[\\begin{matrix}11156 & 0 & 0 & 0 & 0 & 0 & 0\\\\0 & \\frac{50505971}{11156} & 0 & 0 & 0 & 0 & 0\\\\0 & 0 & \\frac{49746619657}{50505971} & 0 & 0 & 0 & 0\\\\0 & 0 & 0 & \\frac{30417294393845}{49746619657} & 0 & 0 & 0\\\\0 & 0 & 0 & 0 & \\frac{447580073246683}{30417294393845} & 0 & 0\\\\0 & 0 & 0 & 0 & 0 & \\frac{576053079425258}{447580073246683} & 0\\\\0 & 0 & 0 & 0 & 0 & 0 & \\frac{541355643175286}{288026539712629}\\end{matrix}\\right]$","text/plain":["Matrix([\n","[11156,              0,                    0,                          0,                              0,                               0,                               0],\n","[    0, 50505971/11156,                    0,                          0,                              0,                               0,                               0],\n","[    0,              0, 49746619657/50505971,                          0,                              0,                               0,                               0],\n","[    0,              0,                    0, 30417294393845/49746619657,                              0,                               0,                               0],\n","[    0,              0,                    0,                          0, 447580073246683/30417294393845,                               0,                               0],\n","[    0,              0,                    0,                          0,                              0, 576053079425258/447580073246683,                               0],\n","[    0,              0,                    0,                          0,                              0,                               0, 541355643175286/288026539712629]])"]},"metadata":{"tags":[]}}]},{"cell_type":"markdown","metadata":{"id":"Xipg7sWGoe8Q"},"source":["Verify that $Z_{\\mu} = LDL^T$."]},{"cell_type":"code","metadata":{"colab":{"base_uri":"https://localhost:8080/","height":160},"id":"mc4a_s_wofFN","executionInfo":{"status":"ok","timestamp":1617889603028,"user_tz":240,"elapsed":211,"user":{"displayName":"Cemil Dibek","photoUrl":"","userId":"00800113593856149234"}},"outputId":"2f3a5dfd-1178-4c8a-ddc4-1f032a01fb66"},"source":["Residual_in_LDL_factorization_of_Zmu = Zmu - L*D*L.T # Should be the zero matrix\n","display(Residual_in_LDL_factorization_of_Zmu)"],"execution_count":10,"outputs":[{"output_type":"display_data","data":{"text/latex":"$\\displaystyle \\left[\\begin{matrix}0 & 0 & 0 & 0 & 0 & 0 & 0\\\\0 & 0 & 0 & 0 & 0 & 0 & 0\\\\0 & 0 & 0 & 0 & 0 & 0 & 0\\\\0 & 0 & 0 & 0 & 0 & 0 & 0\\\\0 & 0 & 0 & 0 & 0 & 0 & 0\\\\0 & 0 & 0 & 0 & 0 & 0 & 0\\\\0 & 0 & 0 & 0 & 0 & 0 & 0\\end{matrix}\\right]$","text/plain":["Matrix([\n","[0, 0, 0, 0, 0, 0, 0],\n","[0, 0, 0, 0, 0, 0, 0],\n","[0, 0, 0, 0, 0, 0, 0],\n","[0, 0, 0, 0, 0, 0, 0],\n","[0, 0, 0, 0, 0, 0, 0],\n","[0, 0, 0, 0, 0, 0, 0],\n","[0, 0, 0, 0, 0, 0, 0]])"]},"metadata":{"tags":[]}}]},{"cell_type":"markdown","metadata":{"id":"JMMJdPI5ofOG"},"source":["Finally, we observe that the smallest diagonal element of $D$ is strictly positive."]},{"cell_type":"code","metadata":{"colab":{"base_uri":"https://localhost:8080/"},"id":"fVRG7xosofWU","executionInfo":{"status":"ok","timestamp":1617889606334,"user_tz":240,"elapsed":271,"user":{"displayName":"Cemil Dibek","photoUrl":"","userId":"00800113593856149234"}},"outputId":"46688b71-ce56-43d9-9c66-da56ac93f282"},"source":["print('The smallest diagonal element of D is: ', min(D.diagonal()))"],"execution_count":11,"outputs":[{"output_type":"stream","text":["The smallest diagonal element of D is:  576053079425258/447580073246683\n"],"name":"stdout"}]},{"cell_type":"markdown","metadata":{"id":"3MA93Atgos18"},"source":["Note that positive definiteness of $Z_{\\mu}$ implies that $\\mu^T c_q \\geq 0$ and the proof of claim (2) is completed."]},{"cell_type":"markdown","metadata":{"id":"UbPqTkGoo-HG"},"source":["## Proving $p(x)$ is nonnegative\n","\n","We provide two polynomials $l_1(x)$ and $l_2(x)$ with rational coefficients such that the polynomial $p(x) - [l_1(x) \\:\\: l_2(x)]^T \\nabla p(x)$ is sos. This shows that $p(x)$ is nonnegative for every $x$ that satisfies $\\nabla p(x) = 0$."]},{"cell_type":"code","metadata":{"id":"5qqp3pbyFWpA"},"source":["p = 17*x1**6 - 20*x1**4 + 7*x1**2 + 18*x1 + 18*x2**4 - 19*x2**2 - 19*x2 + 21 - 20*x1*x2\n","\n","grad_p = Matrix([[102*x1**5 - 80*x1**3 + 14*x1 - 20*x2 + 18], \n","                 [72*x2**3 - 38*x2 - 20*x1 - 19]])\n","\n","a = (1/sympify(10000))*Matrix([[-17, -105, -40]])\n","b = (1/sympify(10000))*Matrix([[-438, -492, 1033, 866, 27, 458, 954, -933, 171, -1228]])\n","\n","z1 = Matrix([[1, x1, x2, x1**2, x1*x2, x2**2, x1**3, x1**2*x2, x1*x2**2, x2**3]])\n","\n","l1 = Matrix([[a[0] + a[1]*x1 + a[2]*x2]])\n","l2 = b*z1.T"],"execution_count":null,"outputs":[]},{"cell_type":"markdown","metadata":{"id":"8aQSNPOxqaDe"},"source":["Verify that the polynomials $l_1(x)$ and $l_2(x)$ have rational coefficients."]},{"cell_type":"code","metadata":{"colab":{"base_uri":"https://localhost:8080/","height":68},"id":"au0_kCz9qaMa","executionInfo":{"status":"ok","timestamp":1616111923029,"user_tz":240,"elapsed":196,"user":{"displayName":"Cemil Dibek","photoUrl":"","userId":"00800113593856149234"}},"outputId":"a2c5b8ea-783b-450a-ad15-84bbf5d7c762"},"source":["display(l1)\n","display(l2)"],"execution_count":null,"outputs":[{"output_type":"display_data","data":{"text/latex":"$\\displaystyle \\left[\\begin{matrix}- \\frac{21 x_{1}}{2000} - \\frac{x_{2}}{250} - \\frac{17}{10000}\\end{matrix}\\right]$","text/plain":["Matrix([[-21*x1/2000 - x2/250 - 17/10000]])"]},"metadata":{"tags":[]}},{"output_type":"display_data","data":{"text/latex":"$\\displaystyle \\left[\\begin{matrix}\\frac{477 x_{1}^{3}}{5000} - \\frac{933 x_{1}^{2} x_{2}}{10000} + \\frac{433 x_{1}^{2}}{5000} + \\frac{171 x_{1} x_{2}^{2}}{10000} + \\frac{27 x_{1} x_{2}}{10000} - \\frac{123 x_{1}}{2500} - \\frac{307 x_{2}^{3}}{2500} + \\frac{229 x_{2}^{2}}{5000} + \\frac{1033 x_{2}}{10000} - \\frac{219}{5000}\\end{matrix}\\right]$","text/plain":["Matrix([[477*x1**3/5000 - 933*x1**2*x2/10000 + 433*x1**2/5000 + 171*x1*x2**2/10000 + 27*x1*x2/10000 - 123*x1/2500 - 307*x2**3/2500 + 229*x2**2/5000 + 1033*x2/10000 - 219/5000]])"]},"metadata":{"tags":[]}}]},{"cell_type":"markdown","metadata":{"id":"xBUP7kidqrOH"},"source":["We now show that the polynomial $r(x) = 10000 \\left (p(x) - [l_1(x) \\:\\: l_2(x)]^T \\nabla p(x) \\right )$ is sos. (We multiply by 10000 so that the coefficients of $r(x)$ become integers). We can take a look at the polynomial $r(x)$."]},{"cell_type":"code","metadata":{"colab":{"base_uri":"https://localhost:8080/","height":80},"id":"O0Mi7d8kqrX-","executionInfo":{"status":"ok","timestamp":1616111958511,"user_tz":240,"elapsed":259,"user":{"displayName":"Cemil Dibek","photoUrl":"","userId":"00800113593856149234"}},"outputId":"a42b8f24-c9a8-4801-cbe7-0436447662ab"},"source":["l = Matrix([[l1], [l2]]);\n","\n","r = 10000*(p - expand(l.T*grad_p)[0])\n","\n","display(r)"],"execution_count":null,"outputs":[{"output_type":"display_data","data":{"text/latex":"$\\displaystyle 180710 x_{1}^{6} + 4080 x_{1}^{5} x_{2} + 1734 x_{1}^{5} - 189320 x_{1}^{4} - 68688 x_{1}^{3} x_{2}^{3} + 14392 x_{1}^{3} x_{2} + 34086 x_{1}^{3} + 67176 x_{1}^{2} x_{2}^{4} - 62352 x_{1}^{2} x_{2}^{3} - 32034 x_{1}^{2} x_{2}^{2} + 15721 x_{1}^{2} x_{2} + 78084 x_{1}^{2} - 12312 x_{1} x_{2}^{5} - 1944 x_{1} x_{2}^{4} + 17362 x_{1} x_{2}^{3} + 13435 x_{1} x_{2}^{2} - 199063 x_{1} x_{2} + 164020 x_{1} + 88416 x_{2}^{6} - 32976 x_{2}^{5} + 58960 x_{2}^{4} + 25608 x_{2}^{3} - 142844 x_{2}^{2} - 186637 x_{2} + 201984$","text/plain":["180710*x1**6 + 4080*x1**5*x2 + 1734*x1**5 - 189320*x1**4 - 68688*x1**3*x2**3 + 14392*x1**3*x2 + 34086*x1**3 + 67176*x1**2*x2**4 - 62352*x1**2*x2**3 - 32034*x1**2*x2**2 + 15721*x1**2*x2 + 78084*x1**2 - 12312*x1*x2**5 - 1944*x1*x2**4 + 17362*x1*x2**3 + 13435*x1*x2**2 - 199063*x1*x2 + 164020*x1 + 88416*x2**6 - 32976*x2**5 + 58960*x2**4 + 25608*x2**3 - 142844*x2**2 - 186637*x2 + 201984"]},"metadata":{"tags":[]}}]},{"cell_type":"markdown","metadata":{"id":"E6b17bB4qrgE"},"source":["We have $r(x) = z_1^T(x) \\left(\\frac{1}{588} Q_1 \\right) z_1(x)$.\n","\n","Verify that the matrix $Q_1$ has integer entries (and so $\\frac{1}{588} Q_1$ has rational entries)."]},{"cell_type":"code","metadata":{"colab":{"base_uri":"https://localhost:8080/","height":221},"id":"0aVrLmfVqrow","executionInfo":{"status":"ok","timestamp":1616111971296,"user_tz":240,"elapsed":212,"user":{"displayName":"Cemil Dibek","photoUrl":"","userId":"00800113593856149234"}},"outputId":"6ddf0936-cb5b-405e-a378-e40a26950bc3"},"source":["Q1 = Matrix([[ 118766592,  48221880, -54871278, -23796360, -32252829, -70187012,  11534208,  24033226,   4567094, -13645128],\n","             [  48221880,  93506112, -26271693,  -1512924, -34952582, -26027722, -65896180,   7969752, -13101060,  -3841012],\n","             [ -54871278, -26271693,  56381752,  15541330,  25410518,  21173880,  -2400804, -19528488,  -1010380, -18301696],\n","             [ -23796360,  -1512924,  15541330,  20472200,  -1337700,   6145944,    509796, -16901472,  -1992732,   3580920],\n","             [ -32252829, -34952582,  25410518,  -1337700,  34131216,   9955820,  16901472,   2548980, -15849540,   1121316],\n","             [ -70187012, -26027722,  21173880,   6145944,   9955820,  71271872,   -556248,  -6062868,  -1692852,  -9694944],\n","             [  11534208, -65896180,  -2400804,    509796,  16901472,   -556248, 106257480,   1199520, -12631416, -11785872],\n","             [  24033226,   7969752, -19528488, -16901472,   2548980,  -6062868,   1199520,  25262832,  -8408400,  -4300828],\n","             [   4567094, -13101060,  -1010380,  -1992732, -15849540,  -1692852, -12631416,  -8408400,  48101144,  -3619728],\n","             [ -13645128,  -3841012, -18301696,   3580920,   1121316,  -9694944, -11785872,  -4300828,  -3619728,  51988608]])\n","\n","display(Q1)"],"execution_count":null,"outputs":[{"output_type":"display_data","data":{"text/latex":"$\\displaystyle \\left[\\begin{matrix}118766592 & 48221880 & -54871278 & -23796360 & -32252829 & -70187012 & 11534208 & 24033226 & 4567094 & -13645128\\\\48221880 & 93506112 & -26271693 & -1512924 & -34952582 & -26027722 & -65896180 & 7969752 & -13101060 & -3841012\\\\-54871278 & -26271693 & 56381752 & 15541330 & 25410518 & 21173880 & -2400804 & -19528488 & -1010380 & -18301696\\\\-23796360 & -1512924 & 15541330 & 20472200 & -1337700 & 6145944 & 509796 & -16901472 & -1992732 & 3580920\\\\-32252829 & -34952582 & 25410518 & -1337700 & 34131216 & 9955820 & 16901472 & 2548980 & -15849540 & 1121316\\\\-70187012 & -26027722 & 21173880 & 6145944 & 9955820 & 71271872 & -556248 & -6062868 & -1692852 & -9694944\\\\11534208 & -65896180 & -2400804 & 509796 & 16901472 & -556248 & 106257480 & 1199520 & -12631416 & -11785872\\\\24033226 & 7969752 & -19528488 & -16901472 & 2548980 & -6062868 & 1199520 & 25262832 & -8408400 & -4300828\\\\4567094 & -13101060 & -1010380 & -1992732 & -15849540 & -1692852 & -12631416 & -8408400 & 48101144 & -3619728\\\\-13645128 & -3841012 & -18301696 & 3580920 & 1121316 & -9694944 & -11785872 & -4300828 & -3619728 & 51988608\\end{matrix}\\right]$","text/plain":["Matrix([\n","[118766592,  48221880, -54871278, -23796360, -32252829, -70187012,  11534208,  24033226,   4567094, -13645128],\n","[ 48221880,  93506112, -26271693,  -1512924, -34952582, -26027722, -65896180,   7969752, -13101060,  -3841012],\n","[-54871278, -26271693,  56381752,  15541330,  25410518,  21173880,  -2400804, -19528488,  -1010380, -18301696],\n","[-23796360,  -1512924,  15541330,  20472200,  -1337700,   6145944,    509796, -16901472,  -1992732,   3580920],\n","[-32252829, -34952582,  25410518,  -1337700,  34131216,   9955820,  16901472,   2548980, -15849540,   1121316],\n","[-70187012, -26027722,  21173880,   6145944,   9955820,  71271872,   -556248,  -6062868,  -1692852,  -9694944],\n","[ 11534208, -65896180,  -2400804,    509796,  16901472,   -556248, 106257480,   1199520, -12631416, -11785872],\n","[ 24033226,   7969752, -19528488, -16901472,   2548980,  -6062868,   1199520,  25262832,  -8408400,  -4300828],\n","[  4567094, -13101060,  -1010380,  -1992732, -15849540,  -1692852, -12631416,  -8408400,  48101144,  -3619728],\n","[-13645128,  -3841012, -18301696,   3580920,   1121316,  -9694944, -11785872,  -4300828,  -3619728,  51988608]])"]},"metadata":{"tags":[]}}]},{"cell_type":"markdown","metadata":{"id":"NVX1QaXDsrX-"},"source":["Verify that $r(x) = z_1^T(x) \\left(\\frac{1}{588} Q_1 \\right) z_1(x)$."]},{"cell_type":"code","metadata":{"colab":{"base_uri":"https://localhost:8080/"},"id":"Dvcw72twsri_","executionInfo":{"status":"ok","timestamp":1616111977703,"user_tz":240,"elapsed":219,"user":{"displayName":"Cemil Dibek","photoUrl":"","userId":"00800113593856149234"}},"outputId":"6b7a8624-4a14-4a10-b654-267eed6bb084"},"source":["sos_decomp = (1/588)*(z1*Q1*z1.T).expand()\n","residual_in_sos_decomposition = sos_decomp[0] - r # Should be an exact zero.\n","print('The residual in the sos decomposition of r(x) is', residual_in_sos_decomposition)"],"execution_count":null,"outputs":[{"output_type":"stream","text":["The residual in the sos decomposition of r(x) is 0\n"],"name":"stdout"}]},{"cell_type":"markdown","metadata":{"id":"LPfHMQ8gs7WZ"},"source":["We now show that the matrix $Q_1$ is positive definite (and therefore the Gram matrix $\\frac{1}{588} Q_1$ is positive definite). We show this by providing a rational $LDL^T$ decomposition of $Q_1$, $Q_1 = L_1 D_1 L_1^T$, where the smallest diagonal element of $D_1$ is strictly positive."]},{"cell_type":"code","metadata":{"id":"k0f1Nw1us7_M"},"source":["L1, D1 = Q1.LDLdecomposition()"],"execution_count":null,"outputs":[]},{"cell_type":"markdown","metadata":{"id":"xG3DuCDBtFA6"},"source":["Verify that the matrix $L_1$ has rational entries."]},{"cell_type":"code","metadata":{"colab":{"base_uri":"https://localhost:8080/","height":241},"id":"Nd4SBa54tFKU","executionInfo":{"status":"ok","timestamp":1616111983325,"user_tz":240,"elapsed":216,"user":{"displayName":"Cemil Dibek","photoUrl":"","userId":"00800113593856149234"}},"outputId":"367625cb-a15e-48d5-8eb0-e320b6f9437b"},"source":["display(L1)"],"execution_count":null,"outputs":[{"output_type":"display_data","data":{"text/latex":"$\\displaystyle \\left[\\begin{matrix}1 & 0 & 0 & 0 & 0 & 0 & 0 & 0 & 0 & 0\\\\\\frac{41005}{100992} & 1 & 0 & 0 & 0 & 0 & 0 & 0 & 0 & 0\\\\- \\frac{186637}{403968} & - \\frac{1371544439}{25394663516} & 1 & 0 & 0 & 0 & 0 & 0 & 0 & 0\\\\- \\frac{6745}{33664} & \\frac{699809967}{6348665879} & \\frac{1292356588008448}{7985083339590061} & 1 & 0 & 0 & 0 & 0 & 0 & 0\\\\- \\frac{219407}{807936} & - \\frac{15016353117}{50789327032} & \\frac{9669582043515267}{31940333358360244} & - \\frac{2249022178117343507493}{4562538113344248932480} & 1 & 0 & 0 & 0 & 0 & 0\\\\- \\frac{358097}{605952} & \\frac{1272585341}{38091995274} & - \\frac{2881461711636832}{7985083339590061} & - \\frac{455537503350362861641}{998055212294054453980} & - \\frac{31901767449274739807920851488}{49605798070119426649772159271} & 1 & 0 & 0 & 0 & 0\\\\\\frac{613}{6312} & - \\frac{6061179600}{6348665879} & - \\frac{229024082389294}{7985083339590061} & \\frac{218852015186254169771}{285158632084015558280} & \\frac{6165715441192544533594209296}{16535266023373142216590719757} & \\frac{1208738160689799467626763697207670239}{1304844340103412390560369887300299241} & 1 & 0 & 0 & 0\\\\\\frac{245237}{1211904} & - \\frac{1842869777}{76183990548} & - \\frac{30914358963923553}{111791166754260854} & - \\frac{2397766247530980209101}{3193776679340974252736} & \\frac{23253286225640720993086552090}{49605798070119426649772159271} & \\frac{308916619498343475279875701060396366}{1304844340103412390560369887300299241} & - \\frac{50478100097435020400774969729877061991415}{590503524031062566903570299939124328993166} & 1 & 0 & 0\\\\\\frac{46603}{1211904} & - \\frac{107883995785}{533287933836} & \\frac{1059071823997093}{111791166754260854} & \\frac{17065904210310872475}{456253811334424893248} & - \\frac{73761600812961551514019483450}{49605798070119426649772159271} & - \\frac{764896360121781516120596205350769499}{1304844340103412390560369887300299241} & - \\frac{521520975594726949751255932937833082793863}{590503524031062566903570299939124328993166} & \\frac{23155034529370869747435776464680814209937087297}{131738764077546086154779217886480475919505798867} & 1 & 0\\\\- \\frac{11603}{100992} & \\frac{145924311}{6348665879} & - \\frac{6352319561329472}{7985083339590061} & \\frac{94255832286027267697}{285158632084015558280} & \\frac{9933842550984357573907360112}{16535266023373142216590719757} & - \\frac{1462047508029502661413740393382984548}{1304844340103412390560369887300299241} & \\frac{7547405895721497975892205983651043291152}{42178823145075897635969307138508880642369} & - \\frac{74450518291789684900148998090985132731314100298}{131738764077546086154779217886480475919505798867} & - \\frac{8431381053914454483918515365644253804870539996695601}{24017276365128224071142987118495428317909261856914216} & 1\\end{matrix}\\right]$","text/plain":["Matrix([\n","[             1,                          0,                                     0,                                              0,                                                            0,                                                                            0,                                                                                      0,                                                                                                 0,                                                                                                           0, 0],\n","[  41005/100992,                          1,                                     0,                                              0,                                                            0,                                                                            0,                                                                                      0,                                                                                                 0,                                                                                                           0, 0],\n","[-186637/403968,    -1371544439/25394663516,                                     1,                                              0,                                                            0,                                                                            0,                                                                                      0,                                                                                                 0,                                                                                                           0, 0],\n","[   -6745/33664,       699809967/6348665879,     1292356588008448/7985083339590061,                                              1,                                                            0,                                                                            0,                                                                                      0,                                                                                                 0,                                                                                                           0, 0],\n","[-219407/807936,   -15016353117/50789327032,    9669582043515267/31940333358360244, -2249022178117343507493/4562538113344248932480,                                                            1,                                                                            0,                                                                                      0,                                                                                                 0,                                                                                                           0, 0],\n","[-358097/605952,     1272585341/38091995274,    -2881461711636832/7985083339590061,   -455537503350362861641/998055212294054453980, -31901767449274739807920851488/49605798070119426649772159271,                                                                            1,                                                                                      0,                                                                                                 0,                                                                                                           0, 0],\n","[      613/6312,     -6061179600/6348665879,     -229024082389294/7985083339590061,    218852015186254169771/285158632084015558280,   6165715441192544533594209296/16535266023373142216590719757,  1208738160689799467626763697207670239/1304844340103412390560369887300299241,                                                                                      1,                                                                                                 0,                                                                                                           0, 0],\n","[245237/1211904,    -1842869777/76183990548, -30914358963923553/111791166754260854, -2397766247530980209101/3193776679340974252736,  23253286225640720993086552090/49605798070119426649772159271,   308916619498343475279875701060396366/1304844340103412390560369887300299241,  -50478100097435020400774969729877061991415/590503524031062566903570299939124328993166,                                                                                                 1,                                                                                                           0, 0],\n","[ 46603/1211904, -107883995785/533287933836,   1059071823997093/111791166754260854,     17065904210310872475/456253811334424893248, -73761600812961551514019483450/49605798070119426649772159271,  -764896360121781516120596205350769499/1304844340103412390560369887300299241, -521520975594726949751255932937833082793863/590503524031062566903570299939124328993166,  23155034529370869747435776464680814209937087297/131738764077546086154779217886480475919505798867,                                                                                                           1, 0],\n","[ -11603/100992,       145924311/6348665879,    -6352319561329472/7985083339590061,     94255832286027267697/285158632084015558280,   9933842550984357573907360112/16535266023373142216590719757, -1462047508029502661413740393382984548/1304844340103412390560369887300299241,     7547405895721497975892205983651043291152/42178823145075897635969307138508880642369, -74450518291789684900148998090985132731314100298/131738764077546086154779217886480475919505798867, -8431381053914454483918515365644253804870539996695601/24017276365128224071142987118495428317909261856914216, 1]])"]},"metadata":{"tags":[]}}]},{"cell_type":"markdown","metadata":{"id":"-LmnkTBptFSp"},"source":["Verify that the matrix $D_1$ has rational entries."]},{"cell_type":"code","metadata":{"colab":{"base_uri":"https://localhost:8080/","height":241},"id":"nUJVY5RTtFay","executionInfo":{"status":"ok","timestamp":1616111986967,"user_tz":240,"elapsed":211,"user":{"displayName":"Cemil Dibek","photoUrl":"","userId":"00800113593856149234"}},"outputId":"2d47acd0-135a-4335-ca34-87a87865818f"},"source":["display(D1)"],"execution_count":null,"outputs":[{"output_type":"display_data","data":{"text/latex":"$\\displaystyle \\left[\\begin{matrix}118766592 & 0 & 0 & 0 & 0 & 0 & 0 & 0 & 0 & 0\\\\0 & \\frac{311084628071}{4208} & 0 & 0 & 0 & 0 & 0 & 0 & 0 & 0\\\\0 & 0 & \\frac{391269083639912989}{12697331758} & 0 & 0 & 0 & 0 & 0 & 0 & 0\\\\0 & 0 & 0 & \\frac{111782183776934098845760}{7985083339590061} & 0 & 0 & 0 & 0 & 0 & 0\\\\0 & 0 & 0 & 0 & \\frac{115746862163611995516135038299}{9125076226688497864960} & 0 & 0 & 0 & 0 & 0\\\\0 & 0 & 0 & 0 & 0 & \\frac{2609688680206824781120739774600598482}{148817394210358279949316477813} & 0 & 0 & 0 & 0\\\\0 & 0 & 0 & 0 & 0 & 0 & \\frac{16534098672869751873299968398295481211808648}{1304844340103412390560369887300299241} & 0 & 0 & 0\\\\0 & 0 & 0 & 0 & 0 & 0 & 0 & \\frac{263477528155092172309558435772960951839011597734}{42178823145075897635969307138508880642369} & 0 & 0\\\\0 & 0 & 0 & 0 & 0 & 0 & 0 & 0 & \\frac{96069105460512896284571948473981713271637047427656864}{131738764077546086154779217886480475919505798867} & 0\\\\0 & 0 & 0 & 0 & 0 & 0 & 0 & 0 & 0 & \\frac{1597168401785319061528480571721183012170135554990264443797}{6004319091282056017785746779623857079477315464228554}\\end{matrix}\\right]$","text/plain":["Matrix([\n","[118766592,                 0,                              0,                                         0,                                                     0,                                                                    0,                                                                                  0,                                                                                          0,                                                                                                      0,                                                                                                               0],\n","[        0, 311084628071/4208,                              0,                                         0,                                                     0,                                                                    0,                                                                                  0,                                                                                          0,                                                                                                      0,                                                                                                               0],\n","[        0,                 0, 391269083639912989/12697331758,                                         0,                                                     0,                                                                    0,                                                                                  0,                                                                                          0,                                                                                                      0,                                                                                                               0],\n","[        0,                 0,                              0, 111782183776934098845760/7985083339590061,                                                     0,                                                                    0,                                                                                  0,                                                                                          0,                                                                                                      0,                                                                                                               0],\n","[        0,                 0,                              0,                                         0, 115746862163611995516135038299/9125076226688497864960,                                                                    0,                                                                                  0,                                                                                          0,                                                                                                      0,                                                                                                               0],\n","[        0,                 0,                              0,                                         0,                                                     0, 2609688680206824781120739774600598482/148817394210358279949316477813,                                                                                  0,                                                                                          0,                                                                                                      0,                                                                                                               0],\n","[        0,                 0,                              0,                                         0,                                                     0,                                                                    0, 16534098672869751873299968398295481211808648/1304844340103412390560369887300299241,                                                                                          0,                                                                                                      0,                                                                                                               0],\n","[        0,                 0,                              0,                                         0,                                                     0,                                                                    0,                                                                                  0, 263477528155092172309558435772960951839011597734/42178823145075897635969307138508880642369,                                                                                                      0,                                                                                                               0],\n","[        0,                 0,                              0,                                         0,                             